00000000000000000000000001111111001100011001111111111111100112221100111111100000000011222110000000000000011001100011001100000000001100000000000110000011000110000000000011000112200000001100011000
000002200000000011000110000000001111111001111111001111111112221100111111100112221100000000011000110000000000011111001100011001111100000000000000000000000000001111011100111001110111100000001110015
510011100000015000000
00000000000000000000000000021111111111111111111200001444444444444444444410000144444444444444444441000000000000000000000000000100333333333333333333300120033333333333333333330020000000000000000000
000000011044444444444444444440111104444444444444444444011110111111111111111111101100000000000000000000000000001301110022200111013000000310000000000000003100020013011100111001110130022003101110015
510011103100215050000
00000000000000000000000000000010000000000000000000000000100000200000000000000000100002313200000000000000002023011103200000000000000230001410003200000000002300110111011003200000023001111014101111
100320013000000000111000000003311122211111122211111122211010000000000000000000001001044011011333110110440100101101101133311011011010010110000000000000001101001011023300111003320110100100002330015
510033200001015050501
00000000000000000000000000110003333000003333000110033000311321112311300011003304431134444444434401100110413003000000003140110000044311333333444344000011000031140010041130000112200003114112114113
300002200000031140010041130000003110443444333333113440310113041300000000300314101000004434444444431134400102110003113000003113001310011000333312221333300000001100000000111000000010100110000000015
510000000111015050502
00000000000000000000000000011001100112110011001100001100110011011001100110000110011001121100110011000000000000000000000000000000100103331333013333100030420024444444444444441304442002444444444444
444444044420024444444444444444443331001330011000011003444000000030000011330033004400041000000003300330011340004010000022200000000003044401000000000000000002204333001100111000000000030111000210015
510000000000310050505
02233322333000333111124000203330233300033311112000033303333333333333311000003300033333330000000000003330303330000014424200444333333330000001442420044403300000033000000000004441001101033333030011
110044401113313303033300111004440113311033333320011100444003333330000222001110044410033333333111100111004441103033011111110011101444111333301100000000000044421111100000111022111014442211100220015
510111110144410060501
00000044444004444444444000000004333400111111444400433400033300044441144433040040000000004400000003304444004444400440000000000444400444000000004400444411000031100000000440334441100444440022433444
403300044004444330224334440000000000444433044433444114400440000044004443344411440044000004400313000000000004444400440033300000000000444440033000000044444444043300003300111004444444414330000110015
510011333311110050604
00000000000000000000000000303030301000000000000000303030302200000111111111111111111220000044444444440000000000000000000000000111100333020002033330100010001013100402003444010001111001310004000333
340100010000013100204003444010001000003330200020333301111000000000000000000000000011111003330000300030100104410003000302033003010100441000300030003130301100044100033333111311330121004410003222315
513111301421016050201
00000000000000000000000000044000000100010000000000002200110000000001104421100440011333321111110442000000001111112333311044211103300110000000001104420001311000000000000000442110301130000111110000
004420030003300011444110000442110000000011244421100000000101133001000000010033111101113300000000000003311401011110011111111100111111000000001100000110011114003222200000111000000000002344440011015
510110002201430020002
02200002220000022200330000000220000022200000233220122022220242222222044400010000044041400000002220242022202202420222221222004202020200000044000000220424200000222202202222000042010220220000200002
220222400242222220222122222000242020002200000000000002024200020110222202244222200020202022000220224422222202022222222000000000233000000022000002222222023202020200002220111000203320222220220002015
510200022200215050500
00001100220001011010000000220110222200010010000110022000022220440110003311000000033220044000003333000000333300000000000333300002233011000003300003300002222001100022330002200000222200000022220000
022001100223300000222233000001110003333000332213300000111440033221133011110220001144000222110441111222200000000022220044011022220000003300220000000011220003303223000000111011110003440322300000015
510111100034410030504
00000022000000000000000000011000000000000002200000014410003333333330000111001441003000333333300100010011003333333300033000010000000333433333433300010001110033333333333330000001000103333300000333
300010000010033113333333330000000010000111111111330000011000000001111233330000002200100000000000000000011000000000000000000111014410110000244000000031101441022000022200111011320011000000003320015
510111020000012060303
00000000001101100000000000001111030110110044100000001221103001001003110013300122000100100100310011330011000110000010033201133001100011000101000020003300000000100020100000111111111220010001000000
001111111111100000313002200000000000000000033300000000000221111110000300001111122222222220010000010022222220000000001100011000000000001100010000000001000113300111001100111001100113330000000010015
510010000003415050402
00000001000100000000000001100000111110000000000000000300000000000000004001111011000000000033333400110001100000000002333340000110114444444444233334000011011111111111122333400110001101111111112222
234001111011011111111112222400000000000000000000000000000110000444444444444444001122000022222222222222200220000000100000000000000000001100011000000000011331133111000100111001002133333344120000015
510010021443315030803
00000000000000000000000000001001100111100002004400001100110031311000030044000110000000444000000200000010001100022200011001000001000103322222330100010000000000333333333000000110022000033333333300
000002200220010332222233010011000011001100022200011001000112200000020002000000000011220000022000220001111331111111102000002000111100111111110000000000000111111113300000111000001144111111300000015
510000011441104040408
